A*0,7|0,8|1,4|1,5|1,6|2,2|2,3|2,6|3,0|3,1|3,6|4,2|4,3|4,6|5,4|5,5|5,6|6,7|6,8!6~8
B*0,0|0,1|0,2|0,3|0,4|0,5|0,6|0,7|0,8|1,0|1,4|1,8|2,0|2,4|2,8|3,0|3,4|3,8|4,1|4,2|4,3|4,5|4,6|4,7!4~8
C*0,1|0,2|0,3|0,4|0,5|0,6|0,7|1,0|1,8|2,0|2,8|3,0|3,8|4,0|4,8|5,1|5,7!5~8
D*0,0|0,1|0,2|0,3|0,4|0,5|0,6|0,7|0,8|1,0|1,8|2,0|2,8|3,0|3,8|4,1|4,7|5,2|5,3|5,4|5,5|5,6!5~8
E*0,0|0,1|0,2|0,3|0,4|0,5|0,6|0,7|0,8|1,0|1,4|1,8|2,0|2,4|2,8|3,0|3,4|3,8|4,0|4,8!4~8
F*0,0|0,1|0,2|0,3|0,4|0,5|0,6|0,7|0,8|1,0|1,4|2,0|2,4|3,0|3,4|4,0!4~8
G*0,1|0,2|0,3|0,4|0,5|0,6|0,7|1,0|1,8|2,0|2,8|3,0|3,4|3,8|4,0|4,4|4,7|5,1|5,4|5,5|5,6|5,7|5,8!5~8
H*0,0|0,1|0,2|0,3|0,4|0,5|0,6|0,7|0,8|1,4|2,4|3,4|4,4|5,0|5,1|5,2|5,3|5,4|5,5|5,6|5,7|5,8!5~8
I*0,0|0,1|0,2|0,3|0,4|0,5|0,6|0,7|0,8!0~8
J*0,6|0,7|1,8|2,8|3,0|3,1|3,2|3,3|3,4|3,5|3,6|3,7!3~8
K*0,0|0,1|0,2|0,3|0,4|0,5|0,6|0,7|0,8|1,3|1,4|2,2|2,5|3,1|3,6|4,0|4,7|5,8!5~8
L*0,0|0,1|0,2|0,3|0,4|0,5|0,6|0,7|0,8|1,8|2,8|3,8|4,8!4~8
M*0,0|0,1|0,2|0,3|0,4|0,5|0,6|0,7|0,8|1,2|1,3|2,4|2,5|3,6|3,7|4,4|4,5|5,2|5,3|6,0|6,1|6,2|6,3|6,4|6,5|6,6|6,7|6,8!6~8
N*0,0|0,1|0,2|0,3|0,4|0,5|0,6|0,7|0,8|1,1|1,2|2,3|2,4|3,5|4,6|4,7|5,0|5,1|5,2|5,3|5,4|5,5|5,6|5,7|5,8!5~8
O*0,1|0,2|0,3|0,4|0,5|0,6|0,7|1,0|1,8|2,0|2,8|3,0|3,8|4,0|4,8|5,1|5,2|5,3|5,4|5,5|5,6|5,7!5~8
P*0,0|0,1|0,2|0,3|0,4|0,5|0,6|0,7|0,8|1,0|1,4|2,0|2,4|3,0|3,4|4,0|4,4|5,1|5,2|5,3!5~8
Q*0,1|0,2|0,3|0,4|0,5|0,6|0,7|1,0|1,8|2,0|2,8|3,0|3,6|3,8|4,0|4,7|4,8|5,1|5,2|5,3|5,4|5,5|5,6|5,7|5,9!5~9
R*0,0|0,1|0,2|0,3|0,4|0,5|0,6|0,7|0,8|1,0|1,4|2,0|2,4|3,0|3,4|4,0|4,4|5,1|5,2|5,3|5,5|5,6|5,7|5,8!5~8
S*0,1|0,2|0,3|0,7|1,0|1,4|1,8|2,0|2,4|2,8|3,0|3,4|3,8|4,1|4,5|4,6|4,7!4~8
T*0,0|1,0|2,0|2,1|2,2|2,3|2,4|2,5|2,6|2,7|2,8|3,0|4,0!4~8
U*0,0|0,1|0,2|0,3|0,4|0,5|0,6|0,7|1,8|2,8|3,8|4,8|5,0|5,1|5,2|5,3|5,4|5,5|5,6|5,7!5~8
V*0,0|0,1|1,2|1,3|1,4|2,5|2,6|3,7|3,8|4,5|4,6|5,2|5,3|5,4|6,0|6,1!6~8
W*0,0|0,1|1,2|1,3|1,4|2,5|2,6|3,7|3,8|4,5|4,6|5,2|5,3|5,4|6,5|6,6|7,7|7,8|8,5|8,6|9,2|9,3|9,4|10,0|10,1!10~8
X*0,0|0,1|0,7|0,8|1,2|1,6|2,3|2,5|3,4|4,3|4,5|5,2|5,6|6,0|6,1|6,7|6,8!6~8
Y*0,0|0,1|1,2|2,3|3,4|3,5|3,6|3,7|3,8|4,3|5,2|6,0|6,1!6~8
Z*0,0|0,7|0,8|1,0|1,6|1,8|2,0|2,5|2,8|3,0|3,4|3,8|4,0|4,3|4,8|5,0|5,2|5,8|6,0|6,1|6,8!6~8