A*0,7|1,3|1,4|1,5|1,6|1,7|2,0|2,1|2,2|2,5|3,2|3,3|3,4|3,5|4,5|4,6|4,7|5,7!5~7
B*0,0|0,7|1,0|1,1|1,2|1,3|1,4|1,5|1,6|1,7|2,0|2,3|2,7|3,0|3,3|3,7|4,1|4,2|4,4|4,5|4,6!4~7
C*0,1|0,2|0,3|0,4|0,5|0,6|1,0|1,7|2,0|2,7|3,0|3,7|4,0|4,1|4,6!4~7
D*0,0|0,7|1,0|1,1|1,2|1,3|1,4|1,5|1,6|1,7|2,0|2,7|3,0|3,7|4,1|4,2|4,3|4,4|4,5|4,6!4~7
E*0,0|0,7|1,0|1,1|1,2|1,3|1,4|1,5|1,6|1,7|2,0|2,3|2,7|3,0|3,2|3,3|3,4|3,7|4,0|4,1|4,6|4,7!4~7
F*0,0|0,7|1,0|1,1|1,2|1,3|1,4|1,5|1,6|1,7|2,0|2,3|2,7|3,0|3,2|3,3|3,4|4,0|4,1!4~7
G*0,2|0,3|0,4|0,5|1,1|1,6|2,0|2,7|3,0|3,4|3,7|4,0|4,1|4,4|4,5|4,6|5,4!5~7
H*0,0|0,7|1,0|1,1|1,2|1,3|1,4|1,5|1,6|1,7|2,3|3,3|4,0|4,1|4,2|4,3|4,4|4,5|4,6|4,7|5,0|5,7!5~7
I*0,0|0,7|1,0|1,7|2,0|2,1|2,2|2,3|2,4|2,5|2,6|2,7|3,0|3,7|4,0|4,7!4~7
J*0,7|0,8|1,0|1,8|2,0|2,8|3,0|3,1|3,2|3,3|3,4|3,5|3,6|3,7|4,0|5,0!5~8
K*0,0|0,7|1,0|1,1|1,2|1,3|1,4|1,5|1,6|1,7|2,0|2,3|2,7|3,2|3,4|3,5|4,0|4,1|4,6|4,7|5,0|5,7!5~7
L*0,0|0,7|1,0|1,1|1,2|1,3|1,4|1,5|1,6|1,7|2,0|2,7|3,7|4,7|5,6|5,7!5~7
M*0,0|0,1|0,2|0,3|0,4|0,5|0,6|0,7|1,0|1,1|1,2|1,3|2,4|2,5|2,6|2,7|3,0|3,1|3,2|3,3|4,0|4,1|4,2|4,3|4,4|4,5|4,6|4,7!4~7
N*0,0|0,7|1,0|1,1|1,2|1,3|1,4|1,5|1,6|1,7|2,2|2,3|2,7|3,0|3,4|3,5|4,0|4,1|4,2|4,3|4,4|4,5|4,6|4,7|5,0!5~7
O*0,1|0,2|0,3|0,4|0,5|0,6|1,0|1,7|2,0|2,7|3,0|3,7|4,1|4,2|4,3|4,4|4,5|4,6!4~7
P*0,0|0,7|1,0|1,1|1,2|1,3|1,4|1,5|1,6|1,7|2,0|2,3|2,7|3,0|3,3|4,1|4,2!4~7
Q*0,1|0,2|0,3|0,4|0,5|0,6|1,0|1,5|1,7|2,0|2,5|2,7|3,0|3,6|3,7|3,8|4,1|4,2|4,3|4,4|4,5|4,6|4,8!4~8
R*0,0|0,7|1,0|1,1|1,2|1,3|1,4|1,5|1,6|1,7|2,0|2,3|2,7|3,0|3,3|3,4|4,1|4,2|4,5|4,6|4,7|5,7!5~7
S*0,1|0,2|0,6|0,7|1,0|1,3|1,7|2,0|2,3|2,7|3,0|3,4|3,7|4,0|4,1|4,5|4,6!4~7
T*0,0|0,1|1,0|1,7|2,0|2,1|2,2|2,3|2,4|2,5|2,6|2,7|3,0|3,7|4,0|4,1!4~7
U*0,0|1,0|1,1|1,2|1,3|1,4|1,5|1,6|2,7|3,7|4,0|4,1|4,2|4,3|4,4|4,5|4,6|5,0!5~7
V*0,0|1,0|1,1|1,2|1,3|1,4|2,5|2,6|2,7|3,3|3,4|3,5|4,0|4,1|4,2|5,0!5~7
W*0,0|0,1|0,2|1,3|1,4|1,5|1,6|1,7|2,0|2,1|2,2|2,3|3,3|3,4|3,5|3,6|3,7|4,0|4,1|4,2!4~7
X*0,0|0,7|1,0|1,1|1,2|1,5|1,6|1,7|2,3|2,4|3,0|3,1|3,2|3,5|3,6|3,7|4,0|4,7!4~7
Y*0,0|1,0|1,1|1,2|1,7|2,3|2,4|2,5|2,6|2,7|3,0|3,1|3,2|3,7|4,0!4~7
Z*0,0|0,1|0,7|1,0|1,5|1,6|1,7|2,0|2,3|2,4|2,7|3,0|3,1|3,2|3,7|4,0|4,6|4,7!4~7